Suzi
96
15
31
73
67
10
38
62
84
67
43
27
27
6
13
24
44
32
62
56
97
5
20
26
68
26
46
11
21
21
21
93
57
89
38
59
10
54
93
90
58
14
12
84
40
98
0
30
63
3
9
57
93
48
32
30
89
50
40
41
65
53
73
33
70
56
94
8
71
0
98
79
98
77
7
12
2
8
37
39
64
41
20
99
58
21
52
35
0
46
73
60
46
49
82
18
21
39
94
99

Harry
84
84
76
83
93
86
99
95
89
92
84
84
79
89
83
99
76
91
87
84
93
84
92
88
76
87
92
86
79
90
90
91
76
97
84
79
94
82
75
82
94
92
92
89
83
85
77
97
85
78
85
88
81
90
87
96
82
81
98
92
85
94
90
77
97
100
75
89
84
82
80
90
76
96
88
90
87
85
82
100
91
84
75
91
99
87
75
83
86
90
75
77
94
99
99
100
76
85
84
81

Charlie
47
57
41
48
41
47
69
37
63
62
40
55
69
47
51
58
77
45
33
48
71
59
67
52
53
31
58
55
77
57
66
54
47
67
56
41
57
38
51
44
60
53
33
60
36
47
50
41
57
30
72
44
57
55
33
52
67
52
73
77
35
35
55
74
52
40
74
36
60
32
40
68
30
32
64
54
38
53
77
63
59
73
77
31
44
57
56
57
72
61
45
73
60
59
30
54
49
53
67
37 